1750618171511 0.9154228855721394 0
1750618171511 0.9154228855721394 0
1750618171511 0.9154228855721394 0
1750618171511 0.9154228855721394 0
1750618171511 0.9154228855721394 0
1750618171511 0.9154228855721394 0
1750618171511 0.9154228855721394 0
1750618171511 0.9154228855721394 0
1750618171511 0.9154228855721394 0
1750618171511 0.9154228855721394 0
1750618171511 0.9154228855721394 0
1750618171511 0.9154228855721394 0
1750618171511 0.9154228855721394 0
1750618171511 0.9154228855721394 0
1750618171511 0.9154228855721394 0
1750618171511 0.9154228855721394 0
