1750618171661 0.8551734894288905 0
1750618171661 0.8551734894288905 0
1750618171661 0.8551734894288905 0
1750618171661 0.8551734894288905 0
1750618171661 0.8551734894288905 0
1750618171661 0.8551734894288905 0
1750618171661 0.8551734894288905 0
1750618171661 0.8551734894288905 0
1750618171661 0.8551734894288905 0
1750618171661 0.8551734894288905 0
1750618171661 0.8551734894288905 0
1750618171661 0.8551734894288905 0
1750618171661 0.8551734894288905 0
1750618171661 0.8551734894288905 0
1750618171661 0.8551734894288905 0
1750618171661 0.8551734894288905 0
