1750618171603 0.9106758711019344 0
1750618171603 0.9106758711019344 0
1750618171603 0.9106758711019344 0
1750618171603 0.9106758711019344 0
1750618171603 0.9106758711019344 0
1750618171603 0.9106758711019344 0
1750618171603 0.9106758711019344 0
1750618171603 0.9106758711019344 0
1750618171603 0.9106758711019344 0
1750618171603 0.9106758711019344 0
1750618171603 0.9106758711019344 0
1750618171603 0.9106758711019344 0
1750618171603 0.9106758711019344 0
1750618171603 0.9106758711019344 0
1750618171603 0.9106758711019344 0
1750618171603 0.9106758711019344 0
