1750618171632 3.0509765176813124 0
1750618171632 3.0509765176813124 0
1750618171632 3.0509765176813124 0
1750618171632 3.0509765176813124 0
1750618171632 3.0509765176813124 0
1750618171632 3.0509765176813124 0
1750618171632 3.0509765176813124 0
1750618171632 3.0509765176813124 0
1750618171632 3.0509765176813124 0
1750618171632 3.0509765176813124 0
1750618171632 3.0509765176813124 0
1750618171632 3.0509765176813124 0
1750618171632 3.0509765176813124 0
1750618171632 3.0509765176813124 0
1750618171632 3.0509765176813124 0
1750618171632 3.0509765176813124 0
