1750618171533 0.9213424635066426 0
1750618171533 0.9213424635066426 0
1750618171533 0.9213424635066426 0
1750618171533 0.9213424635066426 0
1750618171533 0.9213424635066426 0
1750618171533 0.9213424635066426 0
1750618171533 0.9213424635066426 0
1750618171533 0.9213424635066426 0
1750618171533 0.9213424635066426 0
1750618171533 0.9213424635066426 0
1750618171533 0.9213424635066426 0
1750618171533 0.9213424635066426 0
1750618171533 0.9213424635066426 0
1750618171533 0.9213424635066426 0
1750618171533 0.9213424635066426 0
1750618171533 0.9213424635066426 0
