1750618171450 0.9537500000000001 0
1750618171450 0.9537500000000001 0
1750618171450 0.9537500000000001 0
1750618171450 0.9537500000000001 0
1750618171450 0.9537500000000001 0
1750618171450 0.9537500000000001 0
1750618171450 0.9537500000000001 0
1750618171450 0.9537500000000001 0
1750618171450 0.9537500000000001 0
1750618171450 0.9537500000000001 0
1750618171450 0.9537500000000001 0
1750618171450 0.9537500000000001 0
1750618171450 0.9537500000000001 0
1750618171450 0.9537500000000001 0
1750618171450 0.9537500000000001 0
1750618171450 0.9537500000000001 0
