1750618171450 0.014577379737113245 0
1750618171450 0.014577379737113245 0
1750618171450 0.014577379737113245 0
1750618171450 0.014577379737113245 0
1750618171450 0.014577379737113245 0
1750618171450 0.014577379737113245 0
1750618171450 0.014577379737113245 0
1750618171450 0.014577379737113245 0
1750618171450 0.014577379737113245 0
1750618171450 0.014577379737113245 0
1750618171450 0.014577379737113245 0
1750618171450 0.014577379737113245 0
1750618171450 0.014577379737113245 0
1750618171450 0.014577379737113245 0
1750618171450 0.014577379737113245 0
1750618171450 0.014577379737113245 0
