1750614133983 0.7482765969410707 0
1750614133983 0.7482765969410707 0
1750614133983 0.7482765969410707 0
1750614133983 0.7482765969410707 0
1750614133983 0.7482765969410707 0
1750614133983 0.7482765969410707 0
1750614133983 0.7482765969410707 0
1750614133983 0.7482765969410707 0
1750614133983 0.7482765969410707 0
1750614133983 0.7482765969410707 0
1750614133983 0.7482765969410707 0
1750614133983 0.7482765969410707 0
1750614133983 0.7482765969410707 0
1750614133983 0.7482765969410707 0
1750614133983 0.7482765969410707 0
1750614133983 0.7482765969410707 0
