1750614134015 5.904659177293809 0
1750614134015 5.904659177293809 0
1750614134015 5.904659177293809 0
1750614134015 5.904659177293809 0
1750614134015 5.904659177293809 0
1750614134015 5.904659177293809 0
1750614134015 5.904659177293809 0
1750614134015 5.904659177293809 0
1750614134015 5.904659177293809 0
1750614134015 5.904659177293809 0
1750614134015 5.904659177293809 0
1750614134015 5.904659177293809 0
1750614134015 5.904659177293809 0
1750614134015 5.904659177293809 0
1750614134015 5.904659177293809 0
1750614134015 5.904659177293809 0
