1750614133915 0.7842141469641468 0
1750614133915 0.7842141469641468 0
1750614133915 0.7842141469641468 0
1750614133915 0.7842141469641468 0
1750614133915 0.7842141469641468 0
1750614133915 0.7842141469641468 0
1750614133915 0.7842141469641468 0
1750614133915 0.7842141469641468 0
1750614133915 0.7842141469641468 0
1750614133915 0.7842141469641468 0
1750614133915 0.7842141469641468 0
1750614133915 0.7842141469641468 0
1750614133915 0.7842141469641468 0
1750614133915 0.7842141469641468 0
1750614133915 0.7842141469641468 0
1750614133915 0.7842141469641468 0
