1750614134046 0.4614111059918691 0
1750614134046 0.4614111059918691 0
1750614134046 0.4614111059918691 0
1750614134046 0.4614111059918691 0
1750614134046 0.4614111059918691 0
1750614134046 0.4614111059918691 0
1750614134046 0.4614111059918691 0
1750614134046 0.4614111059918691 0
1750614134046 0.4614111059918691 0
1750614134046 0.4614111059918691 0
1750614134046 0.4614111059918691 0
1750614134046 0.4614111059918691 0
1750614134046 0.4614111059918691 0
1750614134046 0.4614111059918691 0
1750614134046 0.4614111059918691 0
1750614134046 0.4614111059918691 0
